MFEM mesh v1.0

#
# MFEM Geometry Types (see mesh/geom.hpp):
#
# POINT       = 0
# SEGMENT     = 1
# TRIANGLE    = 2
# SQUARE      = 3
# TETRAHEDRON = 4
# CUBE        = 5
#

dimension
2

elements
20
2 3 1 9 24 12
3 3 2 13 25 10
5 3 4 11 26 18
7 3 6 19 27 22
8 3 7 17 28 20
2 3 9 2 10 24
2 3 24 10 5 11
2 3 12 24 11 4
3 3 13 0 14 25
3 3 25 14 3 15
3 3 10 25 15 5
5 3 11 5 16 26
5 3 26 16 8 17
5 3 18 26 17 7
7 3 19 7 20 27
7 3 27 20 1 21
7 3 22 27 21 0
8 3 17 8 23 28
8 3 28 23 2 9
8 3 20 28 9 1

boundary
20
2 1 21 0
2 1 12 1
2 1 0 14
2 1 13 0
2 1 3 15
2 1 18 4
2 1 6 19
2 1 5 16
2 1 0 22
2 1 23 2
2 1 1 21
2 1 4 12
2 1 14 3
2 1 2 13
2 1 15 5
2 1 7 18
2 1 19 7
2 1 16 8
2 1 22 6
2 1 8 23

vertices
29

nodes
FiniteElementSpace
FiniteElementCollection: L2_T1_2D_P1
VDim: 2
Ordering: 1

-0.33333333 -1
0 -1
-0.33333333 -0.66666667
0 -0.66666667
0.33333333 -1
0.66666667 -1
0.33333333 -0.66666667
0.66666667 -0.66666667
-0.33333333 -0.33333333
0 -0.33333333
-0.33333333 0
0 0
-1 0.33333333
-0.66666667 0.33333333
-1 0.66666667
-0.66666667 0.66666667
-0.33333333 0.33333333
0 0.33333333
-0.33333333 0.66666667
0 0.66666667
0 -1
0.33333333 -1
0 -0.66666667
0.33333333 -0.66666667
0 -0.66666667
0.33333333 -0.66666667
0 -0.33333333
0.33333333 -0.33333333
-0.33333333 -0.66666667
0 -0.66666667
-0.33333333 -0.33333333
0 -0.33333333
0.66666667 -1
1 -1
0.66666667 -0.66666667
1 -0.66666667
0.66666667 -0.66666667
1 -0.66666667
0.66666667 -0.33333333
1 -0.33333333
0.33333333 -0.66666667
0.66666667 -0.66666667
0.33333333 -0.33333333
0.66666667 -0.33333333
0 -0.33333333
0.33333333 -0.33333333
0 0
0.33333333 0
0 0
0.33333333 0
0 0.33333333
0.33333333 0.33333333
-0.33333333 0
0 0
-0.33333333 0.33333333
0 0.33333333
-0.66666667 0.33333333
-0.33333333 0.33333333
-0.66666667 0.66666667
-0.33333333 0.66666667
-0.66666667 0.66666667
-0.33333333 0.66666667
-0.66666667 1
-0.33333333 1
-1 0.66666667
-0.66666667 0.66666667
-1 1
-0.66666667 1
0 0.33333333
0.33333333 0.33333333
0 0.66666667
0.33333333 0.66666667
0 0.66666667
0.33333333 0.66666667
0 1
0.33333333 1
-0.33333333 0.66666667
0 0.66666667
-0.33333333 1
0 1
