FiniteElementSpace
FiniteElementCollection: L2_2D_P3
VDim: 1
Ordering: 0

7.6428571
7.6428571
7.6428571
7.6428572
7.6428571
7.6428571
7.6428572
7.6428573
7.6428571
7.6428572
7.6428574
7.6428582
7.6428572
7.6428572
7.6428581
7.6428618
7.6428578
7.6428618
7.6429067
7.6431006
7.6428579
7.6428631
7.6429208
7.6431702
7.6428578
7.6428619
7.6429074
7.643105
7.6428573
7.6428583
7.6428694
7.6429184
7.6621093
7.6509048
7.6447998
7.6433839
7.6677398
7.6532674
7.6453617
7.643535
7.6626941
7.6512426
7.6448574
7.643395
7.6480166
7.6451611
7.6433788
7.6429919
7.6281167
7.6366507
7.6413467
7.6424462
7.6351302
7.6396084
7.642068
7.6426426
7.6404968
7.6418661
7.6426167
7.6427918
7.6421151
7.6425457
7.6427816
7.6428366
7.6428572
7.6428573
7.6428577
7.6428585
7.6428574
7.6428581
7.642861
7.6428663
7.6428595
7.6428657
7.6428925
7.6429414
7.6428673
7.6428946
7.6430115
7.6432251
7.6428777
7.6429327
7.6431687
7.6435997
7.6429225
7.6430977
7.6438495
7.6452235
7.6430718
7.6436476
7.6461214
7.6506511
7.6432686
7.6443736
7.6491306
7.6578571
7.6428572
7.6428573
7.6428591
7.6428666
7.6428572
7.6428577
7.6428633
7.6428874
7.6428574
7.642859
7.6428773
7.6429564
7.6428576
7.6428608
7.6428958
7.6430473
7.6433839
7.6447998
7.6509048
7.6621093
7.643535
7.6453617
7.6532674
7.6677398
7.643395
7.6448574
7.6512426
7.6626941
7.6429919
7.6433788
7.6451611
7.6480166
7.6427322
7.642423
7.6412206
7.6386277
7.6423269
7.6409261
7.6350342
7.6240733
7.6421826
7.6403842
7.6327455
7.618837
7.6423315
7.6409262
7.6349339
7.6240502
7.642857
7.642856
7.642845
7.6427984
7.6428565
7.6428524
7.642807
7.6426112
7.6428564
7.6428511
7.6427936
7.6425449
7.6428565
7.6428525
7.6428076
7.642614
7.6431006
7.6429067
7.6428618
7.6428578
7.6431702
7.6429208
7.6428631
7.6428579
7.643105
7.6429074
7.6428619
7.6428578
7.6429184
7.6428694
7.6428583
7.6428573
7.6427984
7.642845
7.642856
7.642857
7.6426112
7.642807
7.6428524
7.6428565
7.6425449
7.6427936
7.6428511
7.6428564
7.642614
7.6428076
7.6428525
7.6428565
7.6386277
7.6412206
7.642423
7.6427322
7.6240733
7.6350342
7.6409261
7.6423269
7.618837
7.6327455
7.6403842
7.6421826
7.6240502
7.6349339
7.6409262
7.6423315
7.6426671
7.6428185
7.6428535
7.6428567
7.6427579
7.642837
7.6428552
7.6428569
7.6428269
7.642851
7.6428566
7.6428571
7.6428477
7.6428552
7.642857
7.6428571
7.6428524
7.6428562
7.6428571
7.6428571
7.6428561
7.6428569
7.6428571
7.6428571
7.642857
7.6428571
7.6428571
7.6428571
7.6428571
7.6428571
7.6428571
7.6428571
7.6424893
7.6427028
7.6428197
7.642847
7.6427729
7.6428218
7.6428486
7.6428548
7.642848
7.6428533
7.6428562
7.6428569
7.6428558
7.6428566
7.642857
7.6428571
