FiniteElementSpace
FiniteElementCollection: L2_2D_P3
VDim: 1
Ordering: 0

7.6428591
7.6428606
7.6428627
7.6428635
7.6428705
7.6428811
7.6428955
7.6429014
7.6429811
7.6430784
7.6432119
7.6432671
7.6433983
7.6438231
7.6444064
7.6446475
7.6428585
7.6428577
7.6428573
7.6428572
7.6428663
7.642861
7.6428581
7.6428574
7.6429414
7.6428925
7.6428657
7.6428595
7.6432251
7.6430115
7.6428946
7.6428673
7.6711991
7.6933327
7.7230348
7.7349998
7.6793477
7.7067964
7.7410969
7.7538751
7.6713617
7.6889272
7.7018829
7.7028248
7.6493916
7.6474246
7.6289268
7.6151105
7.6428567
7.6428535
7.6428185
7.6426671
7.6428569
7.6428552
7.642837
7.6427579
7.6428571
7.6428566
7.642851
7.6428269
7.6428571
7.642857
7.6428552
7.6428477
7.6212105
7.6042594
7.5808061
7.5710153
7.6315062
7.6226372
7.6104767
7.6054495
7.6393872
7.6366697
7.6329448
7.6314068
7.641766
7.6409104
7.6397367
7.6392519
7.6428635
7.6428627
7.6428606
7.6428591
7.6429014
7.6428955
7.6428811
7.6428705
7.6432671
7.6432119
7.6430784
7.6429811
7.6446475
7.6444064
7.6438231
7.6433983
7.6464721
7.6459851
7.6448071
7.6439494
7.654395
7.6528388
7.6490762
7.6463388
7.6809322
7.6758001
7.6633756
7.6543325
7.715629
7.7059613
7.6823174
7.664949
7.6439494
7.6448071
7.6459851
7.6464721
7.6463388
7.6490762
7.6528388
7.654395
7.6543325
7.6633756
7.6758001
7.6809322
7.664949
7.6823174
7.7059613
7.715629
7.6428572
7.6428571
7.6428571
7.6428571
7.6428573
7.6428572
7.6428571
7.6428571
7.6428582
7.6428574
7.6428572
7.6428571
7.6428618
7.6428581
7.6428572
7.6428572
7.6428666
7.6428591
7.6428573
7.6428572
7.6428874
7.6428633
7.6428577
7.6428572
7.6429564
7.6428773
7.642859
7.6428574
7.6430473
7.6428958
7.6428608
7.6428576
7.6435997
7.6431687
7.6429327
7.6428777
7.6452235
7.6438495
7.6430977
7.6429225
7.6506511
7.6461214
7.6436476
7.6430718
7.6578571
7.6491306
7.6443736
7.6432686
7.7349998
7.7230348
7.6933327
7.6711991
7.7538751
7.7410969
7.7067964
7.6793477
7.7028248
7.7018829
7.6889272
7.6713617
7.6151105
7.6289268
7.6474246
7.6493916
7.5696603
7.589546
7.6228107
7.6355867
7.515648
7.5397515
7.587648
7.6145725
7.5163602
7.5354783
7.5784829
7.6074319
7.5499785
7.5628994
7.5934469
7.615227
7.6355867
7.6228107
7.589546
7.5696603
7.6145725
7.587648
7.5397515
7.515648
7.6074319
7.5784829
7.5354783
7.5163602
7.615227
7.5934469
7.5628994
7.5499785
7.6424462
7.6413467
7.6366507
7.6281167
7.6426426
7.642068
7.6396084
7.6351302
7.6427918
7.6426167
7.6418661
7.6404968
7.6428366
7.6427816
7.6425457
7.6421151
7.642847
7.6428197
7.6427028
7.6424893
7.6428548
7.6428486
7.6428218
7.6427729
7.6428569
7.6428562
7.6428533
7.642848
7.6428571
7.642857
7.6428566
7.6428558
7.6428571
7.6428571
7.6428562
7.6428524
7.6428571
7.6428571
7.6428569
7.6428561
7.6428571
7.6428571
7.6428571
7.642857
7.6428571
7.6428571
7.6428571
7.6428571
7.5710153
7.5808061
7.6042594
7.6212105
7.6054495
7.6104767
7.6226372
7.6315062
7.6314068
7.6329448
7.6366697
7.6393872
7.6392519
7.6397367
7.6409104
7.641766
7.6410692
7.6413098
7.641892
7.6423163
7.6424473
7.6425025
7.642636
7.6427332
7.6428128
7.6428188
7.6428332
7.6428437
7.6428507
7.6428516
7.6428537
7.6428552
7.6423163
7.641892
7.6413098
7.6410692
7.6427332
7.642636
7.6425025
7.6424473
7.6428437
7.6428332
7.6428188
7.6428128
7.6428552
7.6428537
7.6428516
7.6428507
