MFEM mesh v1.0

#
# MFEM Geometry Types (see mesh/geom.hpp):
#
# POINT       = 0
# SEGMENT     = 1
# TRIANGLE    = 2
# SQUARE      = 3
# TETRAHEDRON = 4
# CUBE        = 5
#

dimension
2

elements
16
1 3 0 9 22 12
4 3 3 11 23 15
6 3 5 16 24 18
9 3 8 17 25 21
1 3 9 1 10 22
1 3 22 10 4 11
1 3 12 22 11 3
4 3 11 4 13 23
4 3 23 13 7 14
4 3 15 23 14 6
6 3 16 3 15 24
6 3 24 15 6 17
6 3 18 24 17 8
9 3 17 6 19 25
9 3 25 19 0 20
9 3 21 25 20 2

boundary
20
1 1 0 9
1 1 1 10
1 1 12 0
1 1 0 20
1 1 16 3
1 1 4 13
1 1 14 6
1 1 18 5
1 1 19 0
1 1 2 21
1 1 9 1
1 1 10 4
1 1 3 12
1 1 20 2
1 1 5 16
1 1 13 7
1 1 7 14
1 1 8 18
1 1 6 19
1 1 21 8

vertices
26

nodes
FiniteElementSpace
FiniteElementCollection: L2_T1_2D_P1
VDim: 2
Ordering: 1

-1 -1
-0.66666667 -1
-1 -0.66666667
-0.66666667 -0.66666667
-1 -0.33333333
-0.66666667 -0.33333333
-1 0
-0.66666667 0
0.33333333 -0.33333333
0.66666667 -0.33333333
0.33333333 0
0.66666667 0
0.33333333 0.33333333
0.66666667 0.33333333
0.33333333 0.66666667
0.66666667 0.66666667
-0.66666667 -1
-0.33333333 -1
-0.66666667 -0.66666667
-0.33333333 -0.66666667
-0.66666667 -0.66666667
-0.33333333 -0.66666667
-0.66666667 -0.33333333
-0.33333333 -0.33333333
-1 -0.66666667
-0.66666667 -0.66666667
-1 -0.33333333
-0.66666667 -0.33333333
-0.66666667 -0.33333333
-0.33333333 -0.33333333
-0.66666667 0
-0.33333333 0
-0.66666667 0
-0.33333333 0
-0.66666667 0.33333333
-0.33333333 0.33333333
-1 0
-0.66666667 0
-1 0.33333333
-0.66666667 0.33333333
0.66666667 -0.33333333
1 -0.33333333
0.66666667 0
1 0
0.66666667 0
1 0
0.66666667 0.33333333
1 0.33333333
0.33333333 0
0.66666667 0
0.33333333 0.33333333
0.66666667 0.33333333
0.66666667 0.33333333
1 0.33333333
0.66666667 0.66666667
1 0.66666667
0.66666667 0.66666667
1 0.66666667
0.66666667 1
1 1
0.33333333 0.66666667
0.66666667 0.66666667
0.33333333 1
0.66666667 1
