FiniteElementSpace
FiniteElementCollection: L2_2D_P3
VDim: 1
Ordering: 0

-4.2581142e-11
-2.9447886e-10
-2.7243472e-09
-1.1891778e-08
-3.2321852e-10
-2.2352857e-09
-2.0679564e-08
-9.0266318e-08
-3.4265462e-09
-2.3697002e-08
-2.1923088e-07
-9.5694303e-07
-1.684021e-08
-1.1646202e-07
-1.0774389e-06
-4.7030219e-06
-1.9372696e-06
-1.3397596e-05
-0.00012394677
-0.00054102778
-3.457491e-06
-2.3911007e-05
-0.00022121073
-0.00096558509
-5.5441264e-06
-3.8341574e-05
-0.00035471395
-0.0015483267
-6.4064303e-06
-4.4305019e-05
-0.00040988427
-0.0017891452
0.021869279
0.011413159
0.003475764
0.001091683
0.039029015
0.020369188
0.0062032757
0.0019483524
0.062577578
0.032661684
0.009947014
0.0031242052
0.072306825
0.037741366
0.011494113
0.0036101273
0.014870219
0.0077604188
0.0023633544
0.00074229248
0.0062399849
0.0032564826
0.00099172652
0.0003114857
0.0015134496
0.00078982824
0.00024053358
7.5547813e-05
0.00041119046
0.00021458912
6.5350779e-05
2.0525651e-05
-2.3995167e-08
-7.6397229e-08
-2.5086181e-07
-4.806953e-07
-1.821389e-07
-5.7990456e-07
-1.904204e-06
-3.6487894e-06
-1.9309146e-06
-6.1477597e-06
-2.0187095e-05
-3.8682021e-05
-9.4897327e-06
-3.0213971e-05
-9.9212123e-05
-0.00019010786
-2.0525651e-05
-6.5350779e-05
-0.00021458912
-0.00041119046
-7.5547813e-05
-0.00024053358
-0.00078982824
-0.0015134496
-0.0003114857
-0.00099172652
-0.0032564826
-0.0062399849
-0.00074229248
-0.0023633544
-0.0077604188
-0.014870219
-3.6424238e-08
-2.5189949e-07
-2.3304276e-06
-1.0172319e-05
-1.34065e-07
-9.2715478e-07
-8.5774968e-06
-3.7440783e-05
-5.5275367e-07
-3.8226845e-06
-3.5365254e-05
-0.00015436937
-1.3172512e-06
-9.1097279e-06
-8.4277904e-05
-0.00036787315
-0.001091683
-0.003475764
-0.011413159
-0.021869279
-0.0019483524
-0.0062032757
-0.020369188
-0.039029015
-0.0031242052
-0.009947014
-0.032661684
-0.062577578
-0.0036101273
-0.011494113
-0.037741366
-0.072306825
-0.0036101273
-0.011494113
-0.037741366
-0.072306825
-0.0031242052
-0.009947014
-0.032661684
-0.062577578
-0.0019483524
-0.0062032757
-0.020369188
-0.039029015
-0.001091683
-0.003475764
-0.011413159
-0.021869279
-6.4064303e-06
-4.4305019e-05
-0.00040988427
-0.0017891452
-5.5441264e-06
-3.8341574e-05
-0.00035471395
-0.0015483267
-3.457491e-06
-2.3911007e-05
-0.00022121073
-0.00096558509
-1.9372696e-06
-1.3397596e-05
-0.00012394677
-0.00054102778
0.00054102778
0.00012394677
1.3397596e-05
1.9372696e-06
0.00096558509
0.00022121073
2.3911007e-05
3.457491e-06
0.0015483267
0.00035471395
3.8341574e-05
5.5441264e-06
0.0017891452
0.00040988427
4.4305019e-05
6.4064303e-06
0.0017891452
0.00040988427
4.4305019e-05
6.4064303e-06
0.0015483267
0.00035471395
3.8341574e-05
5.5441264e-06
0.00096558509
0.00022121073
2.3911007e-05
3.457491e-06
0.00054102778
0.00012394677
1.3397596e-05
1.9372696e-06
0.072306825
0.037741366
0.011494113
0.0036101273
0.062577578
0.032661684
0.009947014
0.0031242052
0.039029015
0.020369188
0.0062032757
0.0019483524
0.021869279
0.011413159
0.003475764
0.001091683
0.00036787315
8.4277904e-05
9.1097279e-06
1.3172512e-06
0.00015436937
3.5365254e-05
3.8226845e-06
5.5275367e-07
3.7440783e-05
8.5774968e-06
9.2715478e-07
1.34065e-07
1.0172319e-05
2.3304276e-06
2.5189949e-07
3.6424238e-08
4.7030219e-06
1.0774389e-06
1.1646202e-07
1.684021e-08
9.5694303e-07
2.1923088e-07
2.3697002e-08
3.4265462e-09
9.0266318e-08
2.0679564e-08
2.2352857e-09
3.2321852e-10
1.1891778e-08
2.7243472e-09
2.9447886e-10
4.2581142e-11
0.00019010786
9.9212123e-05
3.0213971e-05
9.4897327e-06
3.8682021e-05
2.0187095e-05
6.1477597e-06
1.9309146e-06
3.6487894e-06
1.904204e-06
5.7990456e-07
1.821389e-07
4.806953e-07
2.5086181e-07
7.6397229e-08
2.3995167e-08
