FiniteElementSpace
FiniteElementCollection: L2_2D_P3
VDim: 1
Ordering: 0

1
1
1
1
1
1
1
1
1
1
1
1
1
1
1
1
1
1
1
1
1
1
1
0.99999999
1
1
1
0.99999997
1
1
1
0.99999997
0.99998118
0.99999669
0.99999981
0.99999999
0.99994006
0.99998944
0.99999938
0.99999995
0.99984588
0.99997286
0.9999984
0.99999988
0.99979421
0.99996376
0.99999787
0.99999984
0.9999913
0.99999847
0.99999991
0.99999999
0.99999847
0.99999973
0.99999998
1
0.99999991
0.99999998
1
1
0.99999999
1
1
1
1
1
1
1
1
1
1
1
1
1
1
1
1
1
1
1
1
1
1
0.99999999
1
1
0.99999998
0.99999991
1
0.99999998
0.99999973
0.99999847
0.99999999
0.99999991
0.99999847
0.9999913
1
1
1
1
1
1
1
1
1
1
1
1
1
1
1
1
0.99999999
0.99999981
0.99999669
0.99998118
0.99999995
0.99999938
0.99998944
0.99994006
0.99999988
0.9999984
0.99997286
0.99984588
0.99999984
0.99999787
0.99996376
0.99979421
0.99999984
0.99999787
0.99996376
0.99979421
0.99999988
0.9999984
0.99997286
0.99984588
0.99999995
0.99999938
0.99998944
0.99994006
0.99999999
0.99999981
0.99999669
0.99998118
1
1
1
0.99999997
1
1
1
0.99999997
1
1
1
0.99999999
1
1
1
1
1
1
1
1
0.99999999
1
1
1
0.99999997
1
1
1
0.99999997
1
1
1
0.99999997
1
1
1
0.99999997
1
1
1
0.99999999
1
1
1
1
1
1
1
0.99979421
0.99996376
0.99999787
0.99999984
0.99984588
0.99997286
0.9999984
0.99999988
0.99994006
0.99998944
0.99999938
0.99999995
0.99998118
0.99999669
0.99999981
0.99999999
1
1
1
1
1
1
1
1
1
1
1
1
1
1
1
1
1
1
1
1
1
1
1
1
1
1
1
1
1
1
1
1
1
1
1
1
1
1
1
1
1
1
1
1
1
1
1
1
