FiniteElementSpace
FiniteElementCollection: L2_2D_P3
VDim: 1
Ordering: 0

1
1
1
1
1
1
1
1.0000001
1
1
1.0000002
1.0000011
1
1.0000001
1.000001
1.0000047
1.0000006
1.0000047
1.0000495
1.0002433
1.0000008
1.000006
1.0000636
1.0003126
1.0000006
1.0000047
1.0000502
1.0002469
1.0000002
1.0000012
1.0000122
1.00006
1.0190108
1.0079821
1.0019366
1.0005262
1.0243914
1.0102504
1.0024881
1.0006761
1.0191563
1.0080771
1.001964
1.0005339
1.0044887
1.001934
1.0004757
1.0001297
0.98512108
0.99375848
0.99848646
0.9995888
0.99223805
0.99674325
0.99921016
0.99978541
0.99763656
0.99900826
0.99975947
0.99993465
0.9992577
0.99968851
0.99992445
0.99997947
1
1.0000001
1.0000006
1.0000013
1.0000003
1.0000009
1.0000038
1.0000091
1.0000023
1.0000086
1.0000354
1.0000843
1.0000102
1.0000374
1.0001544
1.0003679
1.0000205
1.0000755
1.0003115
1.0007423
1.0000654
1.0002405
1.0009917
1.0023633
1.0002146
1.0007898
1.0032562
1.0077589
1.0004112
1.0015134
1.0062385
1.0148615
1
1.0000002
1.0000019
1.0000095
1.0000001
1.0000006
1.0000061
1.0000302
1.0000003
1.0000019
1.0000202
1.0000992
1.0000005
1.0000036
1.0000387
1.0001901
1.0005262
1.0019366
1.0079821
1.0190108
1.0006761
1.0024881
1.0102504
1.0243914
1.0005339
1.001964
1.0080771
1.0191563
1.0001297
1.0004757
1.001934
1.0044887
0.99987001
0.99951999
0.99799351
0.99509976
0.99946583
0.99803276
0.99186866
0.98053545
0.99932379
0.99751066
0.98972849
0.97548869
0.99947378
0.99806301
0.99201124
0.98095159
0.99999985
0.99999885
0.99998778
0.99993994
0.99999938
0.99999526
0.99994976
0.99975307
0.99999921
0.999994
0.99993639
0.99968738
0.99999938
0.99999533
0.9999505
0.99975671
1.0002433
1.0000495
1.0000047
1.0000006
1.0003126
1.0000636
1.000006
1.0000008
1.0002469
1.0000502
1.0000047
1.0000006
1.00006
1.0000122
1.0000012
1.0000002
0.99993994
0.99998778
0.99999885
0.99999985
0.99975307
0.99994976
0.99999526
0.99999938
0.99968738
0.99993639
0.999994
0.99999921
0.99975671
0.9999505
0.99999533
0.99999938
0.99509976
0.99799351
0.99951999
0.99987001
0.98053545
0.99186866
0.99803276
0.99946583
0.97548869
0.98972849
0.99751066
0.99932379
0.98095159
0.99201124
0.99806301
0.99947378
0.99980989
0.99996132
0.99999635
0.99999952
0.99990079
0.99997981
0.9999981
0.99999975
0.99996979
0.99999385
0.99999942
0.99999992
0.99999051
0.99999807
0.99999982
0.99999998
0.9999953
0.99999904
0.99999991
0.99999999
0.99999892
0.99999978
0.99999998
1
0.99999988
0.99999998
1
1
0.99999998
1
1
1
0.99963213
0.99984563
0.99996256
0.99998983
0.99991572
0.99996463
0.99999142
0.99999767
0.99999089
0.99999618
0.99999907
0.99999975
0.99999868
0.99999945
0.99999987
0.99999996
